NOMBRE : madr_3_5
COMENTARIO : 1
VERTICES :196
ARISTAS_REQ : 95
ARISTAS_NOREQ :221
LISTA_ARISTAS_REQ :
(  1,  2)   coste    40     40
(  2, 25)   coste    50     50
(  3, 24)   coste    65     65
(  4, 20)   coste    55     55
(  6,193)   coste    60     60
(  7,  8)   coste   110    110
(  7, 15)   coste    60     60
(  8, 15)   coste    85     85
(  9,195)   coste    70     70
( 10,196)   coste    50     50
( 11, 12)   coste    35     35
( 13, 14)   coste    35     35
( 13, 40)   coste    60     60
( 14,194)   coste    35     35
( 16,191)   coste    35     35
( 20, 21)   coste    60     60
( 23, 24)   coste    50     50
( 24, 25)   coste    50     50
( 25, 26)   coste    45     45
( 26, 27)   coste    50     50
( 28, 30)   coste   100    100
( 32, 33)   coste    35     35
( 32, 59)   coste    40     40
( 35,192)   coste    35     35
( 38, 53)   coste    65     65
( 44, 45)   coste    30     30
( 46,196)   coste    75     75
( 47, 51)   coste   115    115
( 47, 87)   coste   100    100
( 48, 49)   coste    40     40
( 51, 52)   coste    40     40
( 52, 53)   coste   100    100
( 57, 58)   coste   120    120
( 59, 60)   coste    35     35
( 60, 67)   coste    70     70
( 62, 63)   coste    60     60
( 64,189)   coste    60     60
( 69, 70)   coste    90     90
( 70, 80)   coste    50     50
( 72, 73)   coste    40     40
( 72,103)   coste    85     85
( 74, 75)   coste    50     50
( 78, 97)   coste   125    125
( 80, 81)   coste    40     40
( 81, 82)   coste    50     50
( 81,190)   coste    40     40
( 82, 91)   coste   165    165
( 82, 92)   coste   100    100
( 85, 87)   coste   115    115
( 89, 90)   coste    50     50
( 91, 92)   coste   140    140
( 93, 94)   coste   105    105
( 94, 95)   coste    85     85
( 94,114)   coste   115    115
( 98,188)   coste    35     35
(101,102)   coste   290    290
(103,104)   coste    40     40
(104,129)   coste   120    120
(106,127)   coste   150    150
(108,110)   coste    60     60
(110,111)   coste   100    100
(110,124)   coste    75     75
(111,112)   coste    55     55
(113,122)   coste   125    125
(116,119)   coste    75     75
(121,122)   coste    50     50
(121,163)   coste    50     50
(122,153)   coste    85     85
(123,124)   coste    50     50
(125,126)   coste    80     80
(127,143)   coste    70     70
(132,133)   coste   105    105
(133,135)   coste    65     65
(136,137)   coste    85     85
(137,138)   coste    40     40
(140,141)   coste    50     50
(142,143)   coste    45     45
(147,151)   coste    65     65
(151,184)   coste    90     90
(152,153)   coste   115    115
(156,161)   coste    45     45
(156,184)   coste    35     35
(158,159)   coste    50     50
(159,160)   coste    70     70
(161,174)   coste   135    135
(162,163)   coste   130    130
(166,167)   coste    90     90
(167,168)   coste   150    150
(169,185)   coste    40     40
(175,176)   coste    50     50
(176,179)   coste   130    130
(178,179)   coste    50     50
(179,180)   coste    60     60
(180,182)   coste   200    200
(194,195)   coste    75     75
LISTA_ARISTAS_NOREQ :
(  1, 26)   coste    50     50
(  2,  3)   coste    50     50
(  3,  4)   coste    70     70
(  3, 22)   coste    40     40
(  4,  5)   coste    60     60
(  5,  6)   coste    60     60
(  5, 19)   coste   125    125
(  6, 18)   coste    90     90
(  7,193)   coste    75     75
(  8,194)   coste    85     85
(  9, 10)   coste    25     25
(  9,196)   coste    50     50
( 10, 11)   coste    50     50
( 10, 45)   coste    30     30
( 11, 43)   coste    30     30
( 12, 13)   coste    40     40
( 12, 41)   coste    65     65
( 12,194)   coste    65     65
( 12,195)   coste    40     40
( 13,194)   coste    35     35
( 14, 15)   coste    65     65
( 14, 39)   coste    70     70
( 15, 16)   coste   100    100
( 16, 17)   coste    40     40
( 17, 18)   coste    50     50
( 17, 35)   coste   130    130
( 17,193)   coste    85     85
( 18, 19)   coste    40     40
( 18, 35)   coste    65     65
( 19, 21)   coste    50     50
( 19,192)   coste    40     40
( 20, 22)   coste    35     35
( 21, 23)   coste    60     60
( 21, 34)   coste    75     75
( 22, 23)   coste    65     65
( 23, 33)   coste    75     75
( 24, 33)   coste    60     60
( 25, 31)   coste   125    125
( 26, 30)   coste   150    150
( 27, 28)   coste   135    135
( 28, 29)   coste    50     50
( 29, 30)   coste   100    100
( 29, 62)   coste    50     50
( 29, 71)   coste   225    225
( 30, 31)   coste    40     40
( 30, 60)   coste    65     65
( 30, 61)   coste    50     50
( 31, 32)   coste    45     45
( 34, 36)   coste    75     75
( 34, 58)   coste    45     45
( 34,192)   coste    40     40
( 37, 38)   coste    40     40
( 37, 54)   coste    60     60
( 38, 39)   coste    75     75
( 38, 50)   coste   115    115
( 39, 40)   coste    50     50
( 40, 41)   coste    45     45
( 41, 42)   coste    25     25
( 41, 50)   coste    65     65
( 42, 43)   coste    30     30
( 42, 44)   coste    30     30
( 43, 45)   coste    35     35
( 44, 46)   coste    40     40
( 44, 49)   coste    80     80
( 46, 48)   coste    90     90
( 47, 48)   coste    70     70
( 49, 50)   coste    50     50
( 50, 52)   coste    50     50
( 51, 84)   coste    75     75
( 52, 55)   coste    45     45
( 53, 54)   coste    35     35
( 53, 56)   coste    45     45
( 54, 57)   coste    45     45
( 55, 56)   coste    75     75
( 55, 83)   coste    20     20
( 56, 57)   coste    40     40
( 56, 81)   coste    90     90
( 57, 70)   coste    65     65
( 58, 68)   coste    50     50
( 60, 66)   coste    55     55
( 61, 62)   coste   100    100
( 61, 65)   coste    55     55
( 63, 64)   coste    45     45
( 63, 74)   coste   125    125
( 64, 65)   coste    60     60
( 65, 66)   coste    50     50
( 66, 67)   coste    50     50
( 66, 76)   coste   115    115
( 67, 68)   coste   115    115
( 67, 78)   coste   140    140
( 68, 69)   coste    50     50
( 69, 79)   coste    65     65
( 71, 72)   coste    45     45
( 71,102)   coste    90     90
( 73, 74)   coste    40     40
( 73,104)   coste    90     90
( 74,100)   coste    45     45
( 75, 76)   coste    90     90
( 75,189)   coste    60     60
( 76, 77)   coste    80     80
( 76, 99)   coste    65     65
( 77, 78)   coste    90     90
( 77, 98)   coste    70     70
( 78, 79)   coste    35     35
( 79, 80)   coste    90     90
( 79,110)   coste   195    195
( 80,190)   coste    40     40
( 82, 83)   coste    45     45
( 82,190)   coste    75     75
( 83, 84)   coste    40     40
( 84, 85)   coste    40     40
( 85, 86)   coste    85     85
( 87, 90)   coste    35     35
( 88, 89)   coste   200    200
( 88,118)   coste   135    135
( 89,117)   coste   150    150
( 90, 91)   coste    50     50
( 91, 93)   coste    60     60
( 92, 95)   coste    50     50
( 93,115)   coste   140    140
( 95, 96)   coste    50     50
( 95,112)   coste   125    125
( 96,110)   coste   125    125
( 96,190)   coste    85     85
( 97, 98)   coste   110    110
( 97,109)   coste    45     45
( 99,100)   coste   125    125
( 99,106)   coste    35     35
(100,105)   coste    70     70
(101,130)   coste   170    170
(102,103)   coste    50     50
(102,129)   coste    90     90
(104,105)   coste    85     85
(105,106)   coste   145    145
(105,127)   coste   140    140
(105,128)   coste    65     65
(106,188)   coste    40     40
(107,108)   coste   100    100
(107,126)   coste   135    135
(107,188)   coste    35     35
(108,125)   coste   105    105
(111,113)   coste    65     65
(111,124)   coste   100    100
(112,113)   coste    45     45
(113,114)   coste    75     75
(113,120)   coste   100    100
(114,115)   coste    45     45
(115,116)   coste    90     90
(115,119)   coste   150    150
(116,117)   coste    40     40
(117,118)   coste   110    110
(120,121)   coste   135    135
(120,164)   coste    60     60
(122,123)   coste    25     25
(123,145)   coste   100    100
(124,186)   coste    50     50
(125,145)   coste    50     50
(125,186)   coste    50     50
(126,127)   coste    80     80
(126,144)   coste    55     55
(128,135)   coste   130    130
(128,137)   coste    60     60
(129,135)   coste    90     90
(129,187)   coste    75     75
(130,131)   coste   215    215
(130,132)   coste   110    110
(130,187)   coste   125    125
(133,134)   coste    70     70
(133,187)   coste    85     85
(134,136)   coste    85     85
(135,136)   coste    40     40
(136,139)   coste    70     70
(137,139)   coste    85     85
(138,141)   coste    90     90
(138,142)   coste   130    130
(139,140)   coste    45     45
(140,148)   coste   100    100
(141,142)   coste    70     70
(142,146)   coste    50     50
(143,144)   coste    90     90
(143,147)   coste    45     45
(144,145)   coste    85     85
(144,152)   coste    75     75
(146,147)   coste    75     75
(146,149)   coste    55     55
(148,149)   coste    40     40
(148,157)   coste   115    115
(149,150)   coste    25     25
(150,151)   coste    80     80
(150,154)   coste    40     40
(151,155)   coste    50     50
(152,156)   coste    75     75
(153,156)   coste   120    120
(154,155)   coste    70     70
(154,158)   coste    90     90
(155,160)   coste    65     65
(157,158)   coste    65     65
(157,177)   coste   115    115
(159,174)   coste    30     30
(159,175)   coste    90     90
(160,184)   coste    50     50
(161,162)   coste    40     40
(161,170)   coste    40     40
(162,168)   coste   115    115
(163,164)   coste   140    140
(163,168)   coste    50     50
(164,165)   coste    65     65
(164,167)   coste    75     75
(165,166)   coste    75     75
(168,169)   coste    55     55
(169,170)   coste   140    140
(170,171)   coste    35     35
(172,173)   coste    50     50
(173,174)   coste    30     30
(173,176)   coste    80     80
(173,182)   coste    55     55
(175,177)   coste   100    100
(177,178)   coste   100    100
(180,181)   coste    65     65
(181,183)   coste   190    190
(182,183)   coste    60     60
